$ANSIBLE_VAULT;1.1;AES256
36316262383636366238616236316262643262383333636466316663336366643261383764366534
3130333838363834326134313831343134666136393438320a653031653362353037346235386165
31636634333230346433636237663864643862393732626364313839313737373631656331353833
6263643763396238630a366432333136373332386532333162336233646336316361656666363265
32333731323432333534363166626166373536623035313632303765646337396562643338656363
62343436636263313035373030323663643533623732386264313863366235353261643732393637
34386261383137396263366165346562353133363164643966366139336334643962663132346239
38616536323637373661383166306235643736313364656231356163363932396239663032366561
36393633616164316635313130303166633830346638363466363638363763613964323665313637
38393734613338633365373433353631346262633239316237616437313732636335666533323366
39386630646336376166636232626233316165636337633030363534626161616134343662653062
39656463393465376363623063623463366534346662636631323266653135373065313532643861
33636630663137646238643339373064643736646239663139366563623134346661633537303665
39393232316438363139323665633535343532306262616463356339666337303130336266346535
31363537356234326564663433373331663230376632626133383163343932666339663735663161
64623439316434626463653236666336363836343365323365656231343966383537346132356465
63353638666536633438616636653133323936383534373563656663626437366362643232373965
66626131363162666530386137303865663066373831396562626339643638613461643135326239
62623739663639393565346364366165643738336435383838366532366164386465653731613434
63323964663338366435663734613065633464393236656333313337333063346464373763366632
33643464666332636665393864646138366434656430313833393138336638633531626430623536
30623437623531623733626139346334346435323536396666613561616435336461306662633139
64346664633863316161646234623930663330353831376537386439353532326466343833646336
66646133623162323730
